function yield = fun1(x)
RE=[1.08908333333333,1.21366666666667,1.23458333333333];   
% 预期收益率
yield = x*(RE-ones(1,3)*0.01)';
end