
function op2 = fun2(x)
sigma=[0.0108075378787879,0.0124072121212121,0.0130751287878788;
    0.0124072121212121,0.0583916969696970,0.0554263939393939;
    0.0130751287878788,0.0554263939393939,0.0942268106060606];
% 协方差矩阵 表示对应证券的风险
op2 = x*sigma*x';
end
