
function y = fun3(lambda,X)
sigma = [0.0108075378787879,0.0124072121212121,0.0130751287878788;
    0.0124072121212121,0.0583916969696970,0.0554263939393939;
    0.0130751287878788,0.0554263939393939,0.0942268106060606];
RE = [1.08908333333333,1.21366666666667,1.23458333333333];
  y = lambda*X'*sigma*X-(1-lambda)*(RE'-ones(3,1)*0.01)'*X;
end